ThreadID,DateTime,OriginalQuestion,FinalAnswer,RetrieverCount,RewriteCount
multi-doc,20250831_222801,"Hi, I'm Alexandra.",Hello Alexandra! How can I assist you today?,0,0
multi-doc,20250831_222805,What does Xiaoshi Lu like in spare time?,"Xiaoshi Lu enjoys watching old-style movies, listening to pop music in unfamiliar languages, swimming, and hiking in her spare time.",1,0
multi-doc,20250831_222812,Tell me something about Xiaoshi Lu's relationship with Dima Bilan,"There is no information available regarding any relationship between Xiaoshi Lu and Dima Bilan. If you have any other questions or need information on a different topic, feel free to ask!",1,1
multi-doc,20250831_222819,Is Xiaoshi Lu eligible for Suncorp job?,"Based on Xiaoshi Lu's qualifications and experience as a data scientist with strong skills in Python, SQL, statistical analysis, machine learning, and generative AI, she appears to be well-suited for the Data Scientist role at Suncorp. The job description emphasizes the importance of data science and AI to improve business performance, which aligns with Xiaoshi's expertise.

Additionally, her experience in stakeholder management and working in complex commercial environments would be beneficial in a role that likely requires collaboration and integration of data science solutions across various departments and systems within Suncorp.

Therefore, Xiaoshi Lu seems to be a strong candidate for the Data Scientist position at Suncorp, provided she meets any specific educational or certification requirements that were not detailed in the job description provided.",1,1
